Unique count:  [25, 100, 1, 1, 1, 1, 25, 100, 2, 15, 2, 1, 1, 1, 1, 59, 141, 147, 141, 1, 2, 2, 17, 2, 2, 3, 4, 7, 8, 4, 3, 1, 67, 67, 67, 194, 188, 191, 58, 4, 1, 1, 2, 10, 4, 10, 4, 2, 2, 2, 2, 2, 2, 6, 6, 6, 3, 1, 1, 32, 32, 24, 25, 1, 1, 2, 16, 59, 58, 2, 2, 4, 33, 1, 2, 1, 1, 1, 1, 67, 196, 1, 1, 3, 1, 10, 1, 10, 1, 10, 1, 16, 9, 1, 1, 1, 1, 1, 1, 1, 4, 256, 256, 7, 21, 97, 16, 2, 1, 13, 2, 1, 1, 2, 32, 2, 1, 1, 1, 2, 2, 6, 2, 2, 1, 12, 4]
Selected indexes: 
[0, 1, 2, 3, 4, 5, 6, 7, 8, 9, 10, 11, 12, 13, 14, 15, 16, 17, 18, 19, 20, 21, 22, 23, 24, 25, 26, 27, 28, 29, 30, 31, 32, 33, 34, 35, 36, 37, 38, 39, 40, 41, 42, 43, 44, 45, 46, 47, 48, 49, 50, 51, 52, 53, 54, 55, 56, 57, 58, 59, 60, 61, 62, 63, 64, 65, 66, 67, 68, 69, 70, 71, 72, 73, 74, 75, 76, 77, 78, 79, 80, 81, 82, 83, 84, 85, 86, 87, 88, 89, 90, 91, 92, 93, 94, 95, 96, 97, 98, 99, 100, 101, 102, 103, 104, 105, 106, 107, 108, 109, 110, 111, 112, 113, 114, 115, 116, 117, 118, 119, 120, 121, 122, 123, 124, 125, 126]
   0    1    2    3    4    5    6    7    8    9    10   11   12   13   14   15   16   17   18   19   20   21   22   23   24   25   26   27   28   29   30   31   32   33   34   35   36   37   38   39   40   41   42   43   44   45   46   47   48   49   50   51   52   53   54   55   56   57   58   59   60   61   62   63   64   65   66   67   68   69   70   71   72   73   74   75   76   77   78   79   80   81   82   83   84   85   86   87   88   89   90   91   92   93   94   95   96   97   98   99   100  101  102  103  104  105  106  107  108  109  110  111  112  113  114  115  116  117  118  119  120  121  122  123  124  125  126
0    0    0    0    0    0    0    0    0    0    0   96  254    0    0    0    6  100  100  100    0  198    0    0    0  253    0    0  192    0  136  252    2    2    2    2  130  130  130    6  188  255    0   25    0  253    0  253  128   64  128  128   64  128    0    0    0    0    0    0   31   31   17   17    0  253    0  127   83   68   64   19   24    0  253    0    0    0    0    0    2  130    0  254    0  254    0  254    0  254    0  254  144   60    0    0    0    0    0   80  254    4   85   68    0   10    0    4    0    0  255  248    0    0   64    0  154    0    0    0   15  252   15  252   64  251    0  245
0    0    0    0    0    0    0    0    0    0    0   96  254    0    0    0    6  100  100  100    0  198    0    0    0  253    0    0  192    0  136  252    2   34  226   34  162   83  162    6  188  255    0   25    0  253    0  253  128   64  128  128   64  128    0    0    0    0    0    0   30   30   17   17    0  253    0  127   83   68   64   19   24    0  253    0    0    0    0    0   34  162    0  254    0  254    0  254    0  254    0  254  144   60    0    0    0    0    0   80  254    4  172   69    0   10    0    5    0    0  255  248    0    0   64    0  172    0    0    0  248  251  189  251   64  251    0  245
0    0    0    0    0    0    0    0    0    0    0   96  254    0    0    0    6  100  100  100    0  198    0    0    0  253    0    0  192    0  136  252    2   34  226   34  162   83  162    6  188  255    0   25    0  253    0  253  128   64  128  128   64  128    0    0    0    0    0    0   29   29   17   17    0  253    0  127   51   36   64   19   24    0  253    0    0    0    0    0   34  162    0  254    0  254    0  254    0  254    0  254  144   60    0    0    0    0    0   80  254    4    4   70    0   10    0    6    0    0  255  248    0    0   64    0  154    0    0    0  248  251   15  252   64  251    0  245
0    0    0    0    0    0    0    0    0    0    0   96  254    0    0    0    6  100  100  100    0  198    0    0    0  253    0    0  192    0  136  252    2   66  194   66  194   51  194    6  188  255    0   25    0  253    0  253  128   64  128  128   64  128    0    0    0    0    0    0   28   28   17   17    0  253    0  127   51   36   64   19   24    0  253    0    0    0    0    0   66  194    0  254    0  254    0  254    0  254    0  254  144   60    0    0    0    0    0   80  254    4   93   71    0   10    0    7    0    0  255  248    0    0   64    0  172    0    0    0  248  251  189  251   64  251    0  245
0    0    0    0    0    0    0    0    0    0    0   96  254    0    0    0    6  100  100  100    0  198    0    0    0  253    0    0  192    0  136  252    2   66  194   66  194   51  194    6  188  255    0   25    0  253    0  253  128   64  128  128   64  128    0    0    0    0    0    0   27   27   17   17    0  253    0  127   19    4   64   19   24    0  253    0    0    0    0    0   66  194    0  254    0  254    0  254    0  254    0  254  144   60    0    0    0    0    0   80  254    4  183   72    0   10    0    8    0    0  255  248    0    0   64    0  154    0    0    0  248  251   15  252   64  251    0  245
   0  1  2  3
0  0  0  0  0
1  0  0  0  0
2  0  0  0  0
3  0  0  0  0
4  0  0  0  0
   0  2  3
0  0  0  0
1  0  0  0
2  0  0  0
3  0  0  0
4  0  0  0
(106779, 127) (106779, 3)
   a  b  c
0  0  0  0
1  0  0  0
2  0  0  0
3  0  0  0
4  0  0  0
   0  1  2  3  4  5  6  7  8  9  10   11  12  13  14  15   16   17   18  19   20  21  22  23   24  25  26   27  28   29   30  31  32   33  34   35   36   37  38   39   40  41  42  43   44  45   46   47  48   49   50  51   52  53  54  55  56  57  58  59  60  61  62  63   64  65   66  67  68  69  70  71  72   73  74  75  76  77  78  79   80  81   82  83   84  85   86  87   88  89   90   91  92  93  94  95  96  97  98   99  100  101  102  103  104  105  106  107  108  109  110  111  112  113  114  115  116  117  118  119  120  121  122  123  124  125  126  a  b  c
0  0  0  0  0  0  0  0  0  0  0  96  254   0   0   0   6  100  100  100   0  198   0   0   0  253   0   0  192   0  136  252   2   2    2   2  130  130  130   6  188  255   0  25   0  253   0  253  128  64  128  128  64  128   0   0   0   0   0   0  31  31  17  17   0  253   0  127  83  68  64  19  24   0  253   0   0   0   0   0   2  130   0  254   0  254   0  254   0  254   0  254  144  60   0   0   0   0   0  80  254    4   85   68    0   10    0    4    0    0  255  248    0    0   64    0  154    0    0    0   15  252   15  252   64  251    0  245  0  0  0
1  0  0  0  0  0  0  0  0  0  0  96  254   0   0   0   6  100  100  100   0  198   0   0   0  253   0   0  192   0  136  252   2  34  226  34  162   83  162   6  188  255   0  25   0  253   0  253  128  64  128  128  64  128   0   0   0   0   0   0  30  30  17  17   0  253   0  127  83  68  64  19  24   0  253   0   0   0   0   0  34  162   0  254   0  254   0  254   0  254   0  254  144  60   0   0   0   0   0  80  254    4  172   69    0   10    0    5    0    0  255  248    0    0   64    0  172    0    0    0  248  251  189  251   64  251    0  245  0  0  0
2  0  0  0  0  0  0  0  0  0  0  96  254   0   0   0   6  100  100  100   0  198   0   0   0  253   0   0  192   0  136  252   2  34  226  34  162   83  162   6  188  255   0  25   0  253   0  253  128  64  128  128  64  128   0   0   0   0   0   0  29  29  17  17   0  253   0  127  51  36  64  19  24   0  253   0   0   0   0   0  34  162   0  254   0  254   0  254   0  254   0  254  144  60   0   0   0   0   0  80  254    4    4   70    0   10    0    6    0    0  255  248    0    0   64    0  154    0    0    0  248  251   15  252   64  251    0  245  0  0  0
3  0  0  0  0  0  0  0  0  0  0  96  254   0   0   0   6  100  100  100   0  198   0   0   0  253   0   0  192   0  136  252   2  66  194  66  194   51  194   6  188  255   0  25   0  253   0  253  128  64  128  128  64  128   0   0   0   0   0   0  28  28  17  17   0  253   0  127  51  36  64  19  24   0  253   0   0   0   0   0  66  194   0  254   0  254   0  254   0  254   0  254  144  60   0   0   0   0   0  80  254    4   93   71    0   10    0    7    0    0  255  248    0    0   64    0  172    0    0    0  248  251  189  251   64  251    0  245  0  0  0
4  0  0  0  0  0  0  0  0  0  0  96  254   0   0   0   6  100  100  100   0  198   0   0   0  253   0   0  192   0  136  252   2  66  194  66  194   51  194   6  188  255   0  25   0  253   0  253  128  64  128  128  64  128   0   0   0   0   0   0  27  27  17  17   0  253   0  127  19   4  64  19  24   0  253   0   0   0   0   0  66  194   0  254   0  254   0  254   0  254   0  254  144  60   0   0   0   0   0  80  254    4  183   72    0   10    0    8    0    0  255  248    0    0   64    0  154    0    0    0  248  251   15  252   64  251    0  245  0  0  0
(NOMOVE, 	UP,  	LEFT, 	RIGHT)
(	8163, 	10111, 	11883, 	12197)
X_train: (28232, 127), y_train: (28232, 3)
X_valid: (7059, 127), y_valid: (7059, 3)
X_test: (3922, 127), y_test: (3922, 3)
Indexes shape: (127,)
