                   count                 mean                  std                  min                  25%                  50%                  75%                  max
0               9,495.00                 0.12                 0.32                 0.00                 0.00                 0.00                 0.00                 1.00
0.1             9,495.00                 0.01                 0.08                 0.00                 0.00                 0.00                 0.00                 1.00
0.2             9,495.00                 0.18                 0.39                 0.00                 0.00                 0.00                 0.00                 1.00
0.3             9,495.00                 0.18                 0.38                 0.00                 0.00                 0.00                 0.00                 1.00
X shape: (9496, 128)
y shape: (9496, 4)

Changing indexes: [  0   1   2   3   4   5   6   7   8   9  10  11  12  13  14  15  16  17
  18  19  20  21  22  23  24  25  26  27  28  29  30  31  32  33  34  35
  36  37  38  39  40  41  42  43  44  45  46  47  48  49  50  51  52  53
  54  55  56  57  58  59  60  61  62  63  64  65  66  67  68  69  70  71
  72  73  74  75  76  77  78  79  80  81  82  83  84  85  86  87  88  89
  90  91  92  93  94  95  96  97  98  99 100 101 102 103 104 105 106 107
 108 109 110 111 112 113 114 115 116 117 118 119 120 121 122 123 124 125
 126 127]
Indexes shape: (128,)
Y processed shape: (9496, 5)
(UP, SPACE+LEFT, SPACE+RIGHT, LEFT, RIGHT)
(1096, 20, 34, 1711, 1646)
